P1 4 20 16
P2 6 7 28
P3 1 16 45
P4 7 11 58
P5 10 14 73
P6 2 21 84
P7 8 8 101
P8 3 14 114
P9 1 11 128
P10 7 20 138
P11 4 11 148
P12 7 11 161
P13 2 16 177
P14 2 13 191
P15 8 19 204
P16 6 17 214
P17 8 13 225
P18 10 11 233
P19 2 16 261
P20 3 14 276
P21 4 18 290
P22 4 15 305
P23 1 18 323
P24 8 10 340
P25 1 19 353
P26 6 12 368
P27 1 15 392
P28 3 8 406
P29 1 21 420
P30 8 17 434
P31 9 15 444
P32 4 21 459
P33 5 22 483
P34 9 13 491
P35 2 9 504
P36 7 21 522
P37 10 15 536
P38 10 18 549
P39 9 20 560
P40 2 16 568
P41 6 22 581
P42 4 19 592
P43 9 9 617
P44 9 13 629
P45 5 17 648
P46 8 15 662
P47 7 13 670
P48 2 15 679
P49 9 17 693
P50 8 16 706
P51 7 14 718
P52 4 20 733
P53 3 14 745
P54 7 12 764
P55 1 11 776
P56 4 23 794
P57 4 18 815
P58 1 19 838
P59 8 16 852
P60 4 16 860
P61 10 22 872
P62 8 20 885
P63 10 12 898
P64 7 15 914
P65 6 14 922
P66 3 16 937
P67 3 16 953
P68 7 10 972
P69 2 20 985
P70 1 15 1001
P71 9 16 1024
P72 8 16 1032
P73 5 17 1044
P74 9 13 1059
P75 8 9 1079
P76 9 14 1095
P77 8 19 1112
P78 4 12 1131
P79 3 18 1145
P80 6 18 1151
P81 2 12 1165
P82 9 10 1182
P83 9 14 1189
P84 4 16 1205
P85 7 14 1221
P86 2 13 1235
P87 9 19 1251
P88 10 18 1271
P89 4 19 1283
P90 8 15 1305
P91 5 13 1319
P92 4 14 1334
P93 5 20 1345
P94 6 11 1362
P95 10 21 1378
P96 10 11 1391
P97 9 14 1407
P98 4 17 1415
P99 7 15 1433
P100 10 17 1441
P101 4 17 1455
P102 7 16 1473
P103 9 19 1486
P104 10 13 1497
P105 5 14 1518
P106 7 9 1533
P107 1 15 1550
P108 2 16 1566
P109 2 9 1574
P110 3 14 1585
P111 7 14 1604
P112 3 12 1619
P113 1 16 1628
P114 7 12 1644
P115 9 21 1660
P116 7 18 1673
P117 10 21 1685
P118 9 19 1699
P119 8 21 1711
P120 4 15 1724
P121 7 8 1740
P122 2 16 1750
P123 7 14 1758
P124 1 16 1773
P125 8 8 1790
P126 8 18 1802
P127 3 10 1821
P128 6 14 1837
P129 1 14 1851
P130 1 20 1867
P131 7 17 1876
P132 6 21 1895
P133 7 17 1914
P134 6 22 1926
P135 6 13 1940
P136 1 17 1958
P137 4 17 1970
P138 6 18 1985
P139 2 15 1997
P140 5 17 2012
P141 8 23 2026
P142 10 13 2043
P143 10 11 2058
P144 10 14 2079
P145 8 14 2091
P146 10 21 2110
P147 8 18 2125
P148 8 19 2139
P149 8 21 2158
P150 5 15 2173
P151 1 17 2188
P152 4 18 2203
P153 8 15 2212
P154 9 21 2222
P155 7 20 2237
P156 5 12 2255
P157 6 14 2266
P158 1 23 2277
P159 2 15 2289
P160 8 10 2303
P161 1 7 2309
P162 9 12 2328
P163 3 11 2341
P164 7 12 2363
P165 6 12 2373
P166 8 9 2385
P167 9 17 2399
P168 1 17 2417
P169 3 17 2432
P170 2 14 2448
P171 5 15 2465
P172 2 16 2487
P173 3 10 2495
P174 6 13 2510
P175 3 11 2527
P176 10 19 2542
P177 5 18 2554
P178 10 21 2567
P179 7 19 2577
P180 3 16 2595
P181 6 9 2607
P182 9 18 2625
P183 6 19 2639
P184 6 18 2649
P185 7 14 2668
P186 4 15 2688
P187 2 11 2706
P188 4 14 2722
P189 4 20 2737
P190 4 14 2747
P191 1 12 2764
P192 4 9 2780
P193 4 16 2794
P194 4 13 2814
P195 2 10 2831
P196 1 14 2843
P197 3 12 2856
P198 2 15 2867
P199 1 18 2877
P200 8 22 2890
P201 3 18 2900
P202 7 22 2918
P203 1 18 2936
P204 5 16 2948
P205 3 15 2969
P206 4 16 2978
P207 7 17 2988
P208 7 11 3003
P209 5 15 3014
P210 3 18 3028
P211 1 22 3045
P212 3 19 3062
P213 4 17 3080
P214 9 10 3095
P215 8 18 3104
P216 10 23 3120
P217 2 14 3132
P218 9 15 3145
P219 6 9 3162
P220 8 18 3179
P221 4 23 3190
P222 6 18 3206
P223 1 14 3222
P224 9 18 3236
P225 1 16 3253
P226 5 19 3269
P227 9 19 3280
P228 6 17 3301
P229 6 19 3310
P230 9 15 3321
P231 5 8 3344
P232 1 17 3361
P233 6 16 3378
P234 5 9 3395
P235 7 9 3412
P236 10 16 3432
P237 8 11 3444
P238 3 16 3456
P239 8 20 3471
P240 5 17 3489
P241 8 16 3505
P242 9 15 3525
P243 7 8 3537
P244 1 14 3555
P245 7 14 3572
P246 6 10 3597
P247 2 10 3610
P248 8 13 3627
P249 4 13 3645
P250 7 19 3659
P251 5 14 3672
P252 10 15 3684
P253 5 15 3696
P254 8 19 3705
P255 8 18 3721
P256 7 6 3739
P257 4 10 3752
P258 7 14 3769
P259 2 13 3780
P260 1 6 3798
P261 7 17 3820
P262 6 20 3832
P263 1 11 3845
P264 4 16 3855
P265 3 12 3871
P266 8 10 3888
P267 3 10 3902
P268 10 18 3927
P269 10 10 3940
P270 1 16 3953
P271 6 21 3971
P272 7 13 3989
P273 1 15 4001
P274 4 15 4015
P275 9 13 4026
P276 7 22 4037
P277 9 17 4050
P278 1 7 4063
P279 6 13 4083
P280 5 14 4106
P281 7 4 4128
P282 3 13 4138
P283 4 25 4151
P284 3 12 4167
P285 10 16 4181
P286 1 23 4190
P287 10 13 4204
P288 5 8 4226
P289 9 23 4237
P290 1 15 4253
P291 5 10 4267
P292 6 14 4277
P293 9 15 4288
P294 6 14 4304
P295 1 13 4323
P296 1 14 4339
P297 5 12 4352
P298 6 13 4366
P299 2 16 4389
P300 4 16 4405
P301 8 22 4425
P302 10 14 4447
P303 3 20 4461
P304 8 13 4483
P305 3 16 4492
P306 1 23 4507
P307 4 11 4522
P308 4 17 4531
P309 3 15 4545
P310 9 17 4553
P311 8 17 4569
P312 10 6 4586
P313 3 11 4605
P314 3 12 4626
P315 2 17 4646
P316 4 13 4657
P317 3 11 4671
P318 3 11 4684
P319 8 18 4694
P320 4 20 4705
P321 4 9 4721
P322 3 19 4736
P323 1 15 4749
P324 4 11 4761
P325 10 11 4779
P326 1 19 4793
P327 4 19 4805
P328 4 19 4818
P329 6 14 4832
P330 7 11 4840
P331 9 19 4858
P332 3 24 4877
P333 6 9 4888
P334 3 12 4901
P335 10 19 4916
P336 9 17 4936
P337 6 15 4948
P338 5 17 4964
P339 2 13 4980
P340 8 13 4996
P341 6 20 5012
P342 1 14 5023
P343 9 16 5039
P344 8 12 5050
P345 3 13 5060
P346 1 17 5077
P347 2 14 5092
P348 7 13 5111
P349 5 14 5123
P350 9 21 5136
P351 10 15 5149
P352 8 13 5165
P353 3 17 5177
P354 10 18 5194
P355 3 10 5206
P356 4 11 5225
P357 3 16 5242
P358 8 14 5254
P359 9 15 5268
P360 8 10 5277
P361 5 18 5284
P362 10 17 5295
P363 3 14 5312
P364 2 17 5330
P365 2 17 5341
P366 2 17 5352
P367 2 12 5363
P368 7 13 5374
P369 7 13 5387
P370 5 16 5399
P371 7 12 5414
P372 4 11 5432
P373 5 22 5452
P374 5 19 5476
P375 1 18 5489
P376 9 14 5507
P377 7 11 5521
P378 2 9 5536
P379 6 8 5556
P380 2 21 5572
P381 3 17 5589
P382 5 14 5611
P383 1 16 5626
P384 7 8 5642
P385 7 13 5667
P386 4 11 5685
P387 1 19 5698
P388 9 14 5715
P389 1 23 5735
P390 9 14 5751
P391 8 22 5770
P392 7 21 5781
P393 8 11 5795
P394 10 14 5804
P395 1 12 5822
P396 2 12 5838
P397 2 16 5851
P398 2 13 5867
P399 10 11 5876
P400 10 20 5889
P401 7 12 5903
P402 6 16 5921
P403 5 13 5936
P404 3 13 5952
P405 1 18 5967
P406 5 19 5979
P407 2 20 5994
P408 7 9 6013
P409 9 11 6032
P410 7 8 6049
P411 10 13 6069
P412 1 20 6090
P413 3 12 6104
P414 1 20 6123
P415 7 11 6143
P416 1 15 6160
P417 4 10 6173
P418 7 8 6190
P419 9 16 6209
P420 6 12 6229
P421 8 13 6250
P422 7 22 6270
P423 5 15 6284
P424 7 18 6302
P425 8 11 6317
P426 5 20 6327
P427 8 17 6338
P428 1 19 6355
P429 8 9 6370
P430 8 9 6380
P431 2 9 6395
P432 6 25 6412
P433 3 18 6429
P434 6 16 6438
P435 1 16 6452
P436 5 23 6468
P437 1 12 6487
P438 2 16 6499
P439 4 12 6516
P440 9 14 6535
P441 10 16 6551
P442 3 13 6569
P443 1 8 6584
P444 4 14 6598
P445 3 22 6609
P446 7 11 6624
P447 5 12 6649
P448 8 14 6661
P449 6 15 6681
P450 5 12 6700
P451 6 12 6723
P452 3 15 6738
P453 3 17 6755
P454 2 13 6771
P455 9 14 6784
P456 1 11 6806
P457 8 14 6825
P458 9 25 6845
P459 1 12 6859
P460 5 16 6878
P461 6 13 6898
P462 3 16 6913
P463 3 16 6932
P464 10 11 6943
P465 8 17 6956
P466 3 17 6974
P467 7 19 6989
P468 8 15 7003
P469 4 11 7013
P470 2 18 7023
P471 8 21 7036
P472 5 13 7045
P473 4 16 7064
P474 8 15 7080
P475 8 17 7103
P476 9 8 7121
P477 7 11 7146
P478 4 9 7156
P479 8 23 7172
P480 2 11 7187
P481 9 16 7201
P482 3 22 7210
P483 6 21 7224
P484 1 12 7236
P485 4 16 7248
P486 6 15 7258
P487 1 14 7267
P488 1 15 7281
P489 6 15 7302
P490 2 17 7317
P491 8 16 7326
P492 1 19 7337
P493 6 10 7348
P494 10 10 7373
P495 3 11 7387
P496 3 13 7409
P497 2 14 7422
P498 1 16 7430
P499 3 11 7444
P500 7 16 7456
P501 2 9 7470
P502 2 17 7481
P503 1 12 7500
P504 5 19 7513
P505 10 16 7533
P506 10 18 7545
P507 5 18 7561
P508 8 18 7571
P509 4 22 7581
P510 3 15 7601
P511 1 17 7621
P512 4 16 7642
P513 7 8 7649
P514 8 15 7663
P515 4 14 7674
P516 3 12 7686
P517 3 18 7701
P518 7 18 7717
P519 5 12 7731
P520 9 16 7747
P521 10 16 7758
P522 2 6 7769
P523 1 15 7780
P524 5 19 7798
P525 3 21 7816
P526 5 15 7834
P527 9 10 7847
P528 6 12 7858
P529 5 20 7871
P530 1 26 7887
P531 2 13 7905
P532 6 19 7924
P533 3 13 7934
P534 4 19 7952
P535 3 24 7965
P536 4 12 7981
P537 4 15 7996
P538 7 13 8008
P539 1 13 8026
P540 9 15 8044
P541 1 6 8067
P542 1 10 8077
P543 4 18 8089
P544 8 23 8097
P545 8 15 8114
P546 7 12 8126
P547 2 12 8142
P548 2 14 8152
P549 5 17 8161
P550 6 16 8180
P551 2 10 8193
P552 4 13 8207
P553 10 23 8215
P554 5 10 8224
P555 10 11 8239
P556 4 12 8250
P557 9 22 8261
P558 9 15 8274
P559 10 11 8295
P560 6 16 8313
P561 1 21 8326
P562 1 10 8339
P563 1 12 8353
P564 3 10 8375
P565 7 15 8391
P566 5 10 8398
P567 8 14 8412
P568 2 18 8423
P569 2 15 8437
P570 8 17 8450
P571 10 11 8466
P572 4 18 8478
P573 10 12 8490
P574 3 12 8508
P575 3 17 8527
P576 9 24 8541
P577 1 18 8548
P578 4 19 8561
P579 1 11 8581
P580 6 18 8599
P581 2 27 8616
P582 4 17 8623
P583 1 15 8636
P584 3 21 8653
P585 8 8 8667
P586 1 19 8686
P587 6 14 8698
P588 9 15 8712
P589 1 11 8721
P590 5 18 8735
P591 4 16 8748
P592 1 16 8758
P593 8 20 8769
P594 6 14 8782
P595 6 16 8794
P596 4 15 8810
P597 1 14 8824
P598 3 22 8839
P599 5 10 8850
P600 4 16 8871
P601 3 14 8883
P602 6 15 8899
P603 7 8 8913
P604 2 14 8927
P605 10 13 8939
P606 2 9 8958
P607 1 14 8970
P608 2 12 8982
P609 5 5 8992
P610 3 11 9006
P611 9 9 9022
P612 8 22 9039
P613 6 11 9050
P614 10 10 9060
P615 10 12 9071
P616 6 18 9088
P617 2 11 9103
P618 8 13 9122
P619 4 16 9139
P620 2 16 9164
P621 2 9 9185
P622 9 14 9210
P623 4 13 9227
P624 1 22 9238
P625 4 23 9259
P626 9 17 9272
P627 4 10 9279
P628 6 18 9291
P629 2 17 9298
P630 10 19 9313
P631 1 18 9326
P632 4 12 9340
P633 5 7 9349
P634 8 12 9368
P635 7 10 9378
P636 6 19 9390
P637 1 13 9404
P638 9 17 9417
P639 8 14 9436
P640 7 25 9452
P641 1 20 9464
P642 6 9 9480
P643 5 20 9491
P644 9 20 9502
P645 5 19 9515
P646 6 14 9538
P647 4 20 9553
P648 8 17 9571
P649 3 8 9589
P650 9 7 9608
P651 1 19 9620
P652 7 23 9625
P653 7 19 9641
P654 5 12 9652
P655 7 12 9666
P656 2 18 9681
P657 3 17 9701
P658 3 9 9717
P659 8 16 9733
P660 6 11 9749
P661 2 19 9759
P662 8 13 9779
P663 9 13 9798
P664 7 22 9803
P665 7 19 9819
P666 8 22 9835
P667 2 16 9851
P668 7 14 9860
P669 6 15 9868
P670 1 13 9880
P671 4 17 9890
P672 7 12 9913
P673 7 11 9928
P674 10 15 9948
P675 5 11 9964
P676 3 11 9982
P677 5 13 9996
P678 10 22 10013
P679 1 18 10028
P680 8 13 10040
P681 8 18 10062
P682 3 16 10071
P683 6 12 10084
P684 4 19 10099
P685 7 23 10107
P686 2 10 10117
P687 5 9 10135
P688 10 12 10154
P689 4 20 10169
P690 4 13 10186
P691 7 14 10201
P692 6 12 10217
P693 4 9 10238
P694 6 17 10256
P695 4 15 10275
P696 2 15 10291
P697 3 14 10308
P698 7 20 10324
P699 9 13 10338
P700 10 16 10359
P701 8 15 10380
P702 4 14 10390
P703 6 11 10401
P704 6 13 10415
P705 5 12 10425
P706 2 17 10442
P707 8 17 10453
P708 9 15 10470
P709 1 14 10479
P710 10 17 10495
P711 8 13 10506
P712 10 19 10516
P713 3 19 10529
P714 3 16 10541
P715 5 20 10556
P716 9 13 10564
P717 7 18 10586
P718 10 20 10600
P719 10 11 10618
P720 10 12 10633
P721 5 19 10651
P722 7 11 10666
P723 7 18 10678
P724 8 9 10691
P725 4 17 10706
P726 2 8 10720
P727 2 11 10737
P728 8 13 10750
P729 9 14 10767
P730 10 13 10788
P731 7 14 10803
P732 8 15 10820
P733 5 9 10840
P734 3 19 10858
P735 3 13 10870
P736 9 11 10886
P737 6 16 10893
P738 2 16 10903
P739 9 13 10920
P740 9 21 10936
P741 2 16 10946
P742 7 12 10960
P743 8 12 10977
P744 4 16 10991
P745 1 10 11005
P746 3 15 11017
P747 2 18 11031
P748 7 12 11047
P749 4 13 11064
P750 4 20 11077
P751 9 14 11096
P752 8 18 11110
P753 10 10 11119
P754 5 15 11128
P755 8 11 11135
P756 5 15 11144
P757 7 9 11165
P758 9 16 11178
P759 2 17 11192
P760 7 10 11206
P761 10 12 11225
P762 8 15 11242
P763 6 16 11264
P764 6 13 11275
P765 2 14 11290
P766 8 12 11300
P767 6 14 11315
P768 10 10 11332
P769 9 25 11351
P770 6 18 11373
P771 8 17 11392
P772 10 14 11407
P773 4 14 11422
P774 5 21 11442
P775 5 12 11454
P776 5 14 11475
P777 9 14 11494
P778 7 11 11506
P779 3 18 11519
P780 2 12 11533
P781 10 16 11548
P782 1 20 11567
P783 2 18 11581
P784 1 13 11599
P785 6 15 11615
P786 1 15 11628
P787 5 10 11643
P788 4 14 11653
P789 1 13 11672
P790 6 17 11683
P791 10 21 11703
P792 2 27 11714
P793 5 13 11721
P794 5 15 11730
P795 9 11 11751
P796 7 13 11767
P797 4 16 11787
P798 4 20 11798
P799 8 17 11819
P800 4 12 11836
P801 9 8 11854
P802 5 13 11863
P803 6 22 11879
P804 5 14 11896
P805 1 14 11913
P806 10 16 11926
P807 9 19 11938
P808 10 14 11948
P809 8 11 11960
P810 1 9 11967
P811 1 18 11985
P812 7 9 12000
P813 2 15 12013
P814 4 21 12030
P815 7 9 12042
P816 9 12 12057
P817 4 21 12074
P818 3 16 12084
P819 2 9 12100
P820 6 14 12115
P821 8 12 12132
P822 3 9 12153
P823 7 21 12172
P824 5 18 12188
P825 9 14 12202
P826 7 17 12214
P827 3 14 12230
P828 4 22 12244
P829 2 9 12254
P830 10 9 12265
P831 7 16 12284
P832 3 10 12295
P833 4 16 12308
P834 4 19 12324
P835 7 12 12340
P836 4 11 12351
P837 4 11 12367
P838 5 11 12378
P839 3 12 12391
P840 1 18 12411
P841 7 9 12431
P842 6 10 12444
P843 10 23 12455
P844 10 13 12464
P845 1 20 12475
P846 8 17 12491
P847 8 20 12503
P848 7 16 12517
P849 1 19 12533
P850 1 12 12546
P851 2 12 12560
P852 10 14 12576
P853 3 21 12590
P854 1 18 12605
P855 4 20 12619
P856 3 12 12629
P857 7 15 12640
P858 6 14 12650
P859 6 13 12655
P860 9 16 12673
P861 5 8 12687
P862 5 9 12697
P863 1 11 12716
P864 10 13 12719
P865 8 17 12732
P866 7 24 12747
P867 4 24 12765
P868 1 13 12781
P869 3 16 12804
P870 8 22 12829
P871 4 14 12845
P872 9 16 12859
P873 5 16 12874
P874 5 16 12885
P875 9 8 12900
P876 6 12 12910
P877 2 11 12926
P878 8 14 12941
P879 2 15 12950
P880 4 16 12969
P881 9 11 12982
P882 3 16 13000
P883 4 20 13019
P884 3 13 13027
P885 5 13 13045
P886 9 20 13060
P887 6 20 13073
P888 4 19 13084
P889 7 16 13094
P890 1 18 13109
P891 2 20 13124
P892 3 23 13144
P893 5 9 13159
P894 4 10 13169
P895 3 15 13185
P896 3 22 13200
P897 2 19 13210
P898 8 22 13223
P899 5 20 13230
P900 4 16 13244
P901 7 26 13253
P902 10 16 13265
P903 4 18 13281
P904 2 12 13295
P905 4 11 13305
P906 2 13 13322
P907 7 18 13340
P908 8 11 13353
P909 2 17 13367
P910 10 14 13384
P911 1 17 13391
P912 10 26 13417
P913 4 13 13432
P914 6 17 13447
P915 2 11 13464
P916 9 19 13482
P917 5 13 13495
P918 9 12 13509
P919 2 20 13524
P920 1 9 13537
P921 10 17 13552
P922 5 19 13567
P923 5 17 13581
P924 6 10 13599
P925 10 15 13609
P926 7 11 13622
P927 10 20 13637
P928 1 22 13647
P929 4 21 13659
P930 7 12 13676
P931 6 15 13690
P932 1 19 13704
P933 6 9 13714
P934 9 22 13728
P935 4 20 13745
P936 2 19 13763
P937 3 15 13777
P938 10 15 13793
P939 9 15 13806
P940 4 10 13824
P941 1 17 13842
P942 9 14 13857
P943 3 14 13872
P944 4 17 13887
P945 7 13 13901
P946 6 18 13921
P947 2 10 13943
P948 1 15 13956
P949 5 13 13977
P950 5 14 13989
P951 3 15 14011
P952 4 15 14026
P953 1 11 14039
P954 7 12 14058
P955 1 18 14072
P956 10 18 14083
P957 6 18 14103
P958 1 23 14118
P959 10 16 14130
P960 1 11 14143
P961 9 13 14154
P962 5 11 14164
P963 3 10 14175
P964 4 16 14202
P965 6 11 14216
P966 6 17 14236
P967 7 15 14251
P968 8 14 14266
P969 7 15 14281
P970 5 16 14290
P971 1 11 14309
P972 7 11 14325
P973 6 9 14343
P974 5 9 14354
P975 1 11 14363
P976 2 20 14371
P977 10 13 14390
P978 4 10 14406
P979 4 11 14415
P980 4 12 14433
P981 9 22 14452
P982 6 13 14464
P983 9 19 14481
P984 9 10 14493
P985 4 10 14506
P986 2 17 14522
P987 1 17 14542
P988 9 17 14550
P989 4 5 14567
P990 2 14 14577
P991 10 18 14586
P992 2 17 14604
P993 9 12 14618
P994 2 19 14636
P995 7 14 14652
P996 4 13 14670
P997 10 15 14692
P998 4 14 14707
P999 1 14 14722
P1000 6 22 14740
